pygame 2.0.1 (SDL 2.0.14, Python 3.8.10)
Hello from the pygame community. https://www.pygame.org/contribute.html
-2432 -2560 1552 1664
-2432 -2560 1344 1472
-2432 -2560 1344 1536
-2048 -2560 1552 1664
-2592 -2880 1344 1384
-2624 -2816 1600 1664
-2880 -2959 1376 1664
-2048 -2560 1344 1664
-2304 -2560 1992 2144
-2592 -2752 1992 2176
-2304 -2560 1992 2176
-2112 -2272 1992 2176
-2304 -2752 1992 2176
-2304 -2312 1792 1984
-2240 -2312 1784 1792
-2232 -2240 1784 1984
-2232 -2312 1984 1992
-2232 -2312 1664 1784
-2112 -2232 1664 1992
-2312 -2552 1664 1992
-2624 -2632 1792 1984
-2560 -2632 1784 1792
-2552 -2560 1784 1984
-2552 -2632 1984 1992
-2632 -2752 1784 1992
-2552 -2752 1664 1784
-2112 -2552 1664 1992
-2112 -2752 1992 2176
-2112 -2752 1664 2176
-2920 -3144 1896 2176
-2880 -3144 1664 2176
-2048 -2752 1664 2176
-2048 -2959 1344 1664
-3104 -3448 1520 2128
-3104 -3448 1520 2128
-3104 -3448 1520 2128
-3104 -3448 1520 2128
-3104 -3648 1520 2176
-3104 -3648 1376 2176
-3104 -3648 1376 2176
-3264 -3360 1344 1376
-2959 -3648 1376 2176
-3904 -4064 2048 2176
-3840 -3872 2048 2176
-3872 -4064 2048 2176
-3648 -3776 1376 1984
-3680 -3776 1984 2016
-3648 -3680 1984 2176
-3776 -3808 2048 2176
-3648 -3776 1376 1984
-3808 -4064 2048 2176
-2959 -3648 1344 2176
-2048 -3144 1344 2176
-3200 -3264 224 256
-3200 -3264 192 256
-3008 -3200 160 256
-3264 -3456 160 256
-2851 -3120 -256 -128
-3136 -3216 -256 -128
-3248 -3264 -256 -240
-3200 -3216 -256 -240
-3200 -3200 -240 -208
-3216 -3248 -192 -192
-3248 -3264 -208 -192
-3264 -3264 -240 -208
-2851 -3216 -256 -128
-3168 -3296 -640 -336
-3168 -3296 -320 -256
-2874 -3120 -640 -256
-3136 -3168 -320 -256
-3168 -3296 -640 -256
-2851 -3264 -256 -128
-3328 -3328 -256 -128
-3344 -3613 -256 -128
-3296 -3575 -640 -336
-3296 -3328 -320 -256
-3328 -3613 -256 -128
-2851 -3296 -640 -128
-3136 -3328 -64 -64
-2816 -3120 -128 64
-3072 -3392 -64 64
-3344 -3648 -128 64
-2816 -3392 -128 64
-2851 -3613 -640 -128
-2816 -2944 -640 64
-2816 -3648 -640 64
-3008 -3200 128 160
-3264 -3456 128 160
-3264 -3456 64 128
-3008 -3200 64 128
-3008 -3456 128 160
-2816 -3648 -768 64
-3496 -3648 -768 64
-3008 -3456 160 256
-3360 -3392 928 1184
-3360 -3552 704 896
-3360 -3392 928 1184
-3392 -3392 1184 1216
-3360 -3392 1184 1344
-3360 -3552 704 1184
-3552 -3648 832 1280
-3360 -3552 704 1344
-3104 -3360 896 928
-3104 -3360 928 1344
-3072 -3104 928 1184
-3072 -3072 1184 1216
-3072 -3104 928 1184
-2944 -3104 704 896
-3072 -3104 928 1344
-2880 -3104 832 1344
-2880 -3104 704 1344
-2944 -3104 704 1344
-3104 -3360 704 1344
-3360 -3680 704 1344
-3104 -3360 512 704
-3200 -3264 288 320
-3136 -3200 256 320
-3264 -3328 256 320
-3136 -3328 320 496
-3328 -3392 320 496
-3392 -3456 256 472
-3136 -3328 256 496
-3008 -3072 256 320
-3008 -3136 320 496
-3136 -3456 256 496
-3104 -3360 496 704
-2486 -3680 704 1344
-2816 -3648 -768 256
-2048 -4064 1344 2176
-3112 -3360 2432 2736
-2920 -3008 2176 2272
-2920 -3360 2176 2736
-3360 -3648 2240 2736
-3648 -3776 2197 2240
-3648 -3648 2176 2240
-3360 -3776 2240 2736
-2920 -3360 2176 2752
-3792 -3920 2435 2688
-3792 -3968 2368 2688
-3776 -3920 2632 2720
-3792 -3968 2176 2688
-2920 -3776 2176 2752
-2304 -2560 2176 2208
-2112 -2272 2176 2336
-2112 -2560 2336 2496
-2560 -2752 2336 2496
-2112 -2560 2176 2496
-2112 -2752 2176 2496
-2560 -2784 2496 2752
-2560 -2784 2624 2752
-2560 -2784 2496 2752
-2048 -2752 2176 2496
-2920 -3968 2176 2752
-3536 -3648 2752 2944
-3360 -3584 2752 2944
-3568 -3592 3352 3352
-3370 -3616 3104 3352
-3432 -3568 3312 3454
-3320 -3496 3242 3408
-3370 -3616 3104 3353
-3320 -3616 3104 3454
-3320 -3616 3104 3512
-3048 -3296 2752 2976
-3232 -3536 2752 3112
-3072 -3320 2984 3280
-3072 -3320 2887 3280
-3232 -3626 2752 3215
-2902 -3296 2752 3008
-3320 -3648 3047 3512
-3040 -3432 3136 3472
-3040 -3432 3136 3472
-3040 -3496 3136 3472
-3040 -3040 3304 3320
-2880 -2944 3008 3048
-2944 -3496 3048 3472
-3264 -3567 3552 3680
-3032 -3264 3496 3738
-2880 -3032 3345 3672
-3144 -3567 3552 3808
-2880 -3496 3008 3472
-2902 -3648 2752 3512
-3536 -3648 2944 3072
-3360 -3669 2752 2944
-3776 -3904 2752 2784
-3776 -3904 2816 2848
-3776 -3904 2752 2816
-3776 -3904 2880 2912
-3648 -3968 2944 3072
-3776 -3904 2752 2880
-3574 -3968 3328 3520
-3574 -3968 3328 3520
-3840 -3904 3520 3584
-3776 -3840 3584 3616
-3840 -3904 3520 3680
-3546 -3904 3520 3680
-3574 -3968 3200 3520
-3648 -3968 2752 3072
-2880 -3669 2752 3808
-2912 -3048 2752 2960
-2656 -2930 2752 3048
-2656 -3048 2752 3048
-2880 -3968 2752 3808
-2048 -3968 2176 2752
-4160 -4352 2912 3104
-4128 -4352 2912 3104
-4160 -4352 2888 2912
-4384 -4544 2856 2912
-4128 -4544 2688 2856
-4128 -4544 2912 3104
-4160 -4352 3104 3128
-4384 -4544 3104 3160
-4128 -4544 3160 3328
-4128 -4544 2688 3104
-3968 -4000 2944 3072
-4032 -4128 2944 3104
-3968 -4016 2944 3072
-3968 -4096 2240 2368
-3968 -4096 2368 2589
-3968 -4096 2176 2368
-3968 -4128 2944 3104
-4128 -4544 2688 3328
-4592 -4600 2944 2992
-4544 -4592 2944 3024
-4544 -4600 3024 3072
-4600 -4608 2944 3072
-4608 -4632 2976 3040
-4544 -4608 2944 3072
-4840 -4848 2912 2992
-4848 -4864 2912 3024
-4840 -4864 3024 3104
-4672 -4840 2912 3104
-4672 -4864 2912 3104
-4544 -4648 2944 3072
-3968 -4544 2176 3328
-2048 -3968 2176 3808
-2048 -4064 -768 2176
