1088 -3680
1024 -3680
1024 -3648
1088 -3648
1152 -3648
960 -3648
1280 -3552
832 -3552
1344 -3552
704 -3552
896 -3392
928 -3392
928 -3360
896 -3360
1184 -3392
1216 -3392
1216 -3360
1184 -3360
896 -3072
896 -3104
928 -3104
928 -3072
1216 -3072
1184 -3072
1184 -3104
1216 -3104
1344 -3360
1344 -3264
1344 -3200
1344 -2880
1344 -3104
1376 -3200
1376 -3104
1376 -3360
1376 -3264
1376 -3648
1376 -2944
704 -2944
832 -2944
968 -2880
1216 -2880
1472 -2880
1856 -2880
1528 -3680
1672 -3744
704 -3360
704 -3104
512 -3328
512 -3304
512 -3160
512 -3136
680 -3104
680 -3360
496 -3160
496 -3304
496 -3328
448 -3456
128 -3456
128 -3008
448 -3008
496 -3136
128 -3264
160 -3264
192 -3264
224 -3264
256 -3264
288 -3264
320 -3264
320 -3200
288 -3200
256 -3200
224 -3200
192 -3200
160 -3200
128 -3200
64 -3072
64 -3392
48 -3392
-64 -3328
-64 -3136
48 -3072
-256 -3328
-320 -3296
-320 -3168
-256 -3136
-128 -3120
-128 -3136
-256 -3120
-256 -3344
-128 -3328
-128 -3344
-336 -3296
-336 -3168
-336 -3120
-336 -3344
-96 -3344
64 -3520
-96 -3120
64 -2944
64 -2816
64 -3648
-640 -3648
-768 -3520
-768 -2944
-640 -2816
-640 -3520
-640 -2944
-88 -3136
-88 -3328
256 -3136
320 -3136
320 -3072
256 -3072
256 -3392
320 -3392
320 -3328
256 -3328
1248 -2528
1384 -2592
1472 -2560
1472 -2432
1536 -2432
1536 -2560
1552 -2560
1552 -2432
1664 -2560
1664 -2432
2736 -3648
2488 -3744
2240 -3776
1984 -3776
1920 -2920
2240 -2920
1520 -3168
1672 -3104
1896 -3104
2040 -3144
2128 -3272
2064 -3408
1784 -3448
1544 -3384
2752 -2784
2624 -2784
2520 -2560
2752 -2560
2944 -2656
2880 -2912
2880 -2880
3048 -2880
3048 -2944
2752 -3048
2752 -2912
2752 -3584
2752 -3360
2736 -3360
3304 -3040
3136 -3072
3112 -3360
2944 -3536
2816 -3232
3280 -3320
2984 -3200
2976 -3072
3264 -3616
3072 -3648
2944 -3648
3072 -4000
2944 -3776
3104 -3552
3352 -3568
3472 -3432
3408 -3432
3312 -3496
2208 -3680
2176 -3680
2016 -3680
2048 -3680
2176 -3776
2176 -3808
2176 -3840
2048 -3808
2048 -3776
2048 -3840
2048 -3872
2048 -3904
2176 -3872
2176 -3904
2240 -4096
2112 -4032
2240 -3968
2368 -3968
2368 -4096
2880 -3776
2880 -3904
2848 -3776
2848 -3904
2816 -3776
2816 -3904
2784 -3776
2784 -3904
2752 -3776
2752 -3904
2688 -3776
2720 -3904
2632 -3792
2688 -3920
2912 -3776
2912 -3904
2944 -3904
2944 -4000
2240 -3648
1984 -3648
2672 -3920
2616 -3792
2176 -3920
2048 -3920
2752 -2800
2960 -2656
3400 -3152
3448 -3520
2272 -3008
2432 -3112
2736 -3112
2752 -3112
3200 -4128
3328 -4128
2688 -4128
2816 -4128
2856 -4160
2912 -4160
2912 -4128
3104 -4128
3104 -4160
3160 -4160
3104 -4352
3104 -4384
3160 -4384
3160 -4352
2856 -4352
2856 -4384
2912 -4384
2912 -4352
2888 -4160
3128 -4352
3128 -4160
2888 -4352
2888 -4320
2888 -4192
3128 -4320
3128 -4192
3328 -4544
3072 -4544
2944 -4544
2688 -4544
3072 -4608
2944 -4608
3040 -4608
2976 -4608
2976 -4632
3040 -4632
3040 -4648
3040 -4672
2976 -4672
2976 -4648
3104 -4672
2912 -4672
3104 -4864
2912 -4864
2912 -4800
2912 -4736
2944 -4016
3072 -4016
2944 -4032
3072 -4032
3024 -4592
2992 -4592
2992 -4600
3024 -4600
3024 -4840
2992 -4840
2992 -4848
3024 -4848
-240 -3264
-208 -3264
-192 -3248
-192 -3216
-208 -3200
-240 -3200
-256 -3216
-256 -3248
1664 -2368
1600 -2368
1600 -2112
1600 -2624
1664 -2624
2560 -2112
2560 -2496
2496 -2496
2176 -2752
2176 -2816
1600 -2048
1664 -2048
2496 -2048
2560 -2048
1664 -2112
2496 -2112
1664 -2816
1600 -2816
1600 -2752
1664 -2752
2496 -2688
2496 -2752
2520 -2688
2496 -2560
1984 -2304
1984 -2240
1792 -2240
1792 -2304
1664 -2600
1664 -2392
2496 -2520
2200 -2752
2112 -2592
2336 -2592
2336 -2272
2112 -2272
2112 -2304
2144 -2304
2176 -2304
2208 -2304
2304 -2304
2304 -2560
2208 -2560
2176 -2560
2144 -2560
2112 -2560
1984 -2624
1984 -2560
1792 -2560
1792 -2624
1992 -2552
1784 -2552
1784 -2632
1992 -2632
1784 -2312
1992 -2312
1992 -2232
1784 -2232
3520 -3904
3328 -3968
3200 -3968
3200 -3744
3328 -3744
3360 -3648
3472 -3520
3520 -3584
3352 -3592
3304 -3968
3304 -3744
2344 -4096
2264 -4096
2264 -3968
2344 -3968
2176 -3704
2048 -3704
3520 -3840
3680 -3904
3584 -3904
3744 -3808
3584 -3840
3616 -3776
3552 -3552
3552 -3392
3648 -3264
3680 -3552
3680 -3392
3808 -3264
3496 -3032
3584 -2880
3456 -3032
3360 -2880
3320 -3040
3416 -3152
3536 -3840
3536 -3904
1344 -2486
1376 -2959
1664 -2880
1992 -2560
1992 -2304
1992 -2752
2176 -2592
1992 -2592
1992 -2112
2176 -2112
2176 -2272
1992 -2272
1664 -2312
1664 -2552
1664 -2232
1984 -2312
1984 -2232
1784 -2240
1792 -2312
1784 -2752
1984 -2552
1984 -2632
1784 -2560
1792 -2632
2176 -2048
2176 -2920
2176 -3648
1573 -3648
2176 -4064
1984 -3680
256 -3456
160 -3456
160 -3008
256 -3008
-768 -3496
-256 -2874
-128 -2851
-640 -3296
-640 -3168
-640 -3120
-128 -3613
-256 -3589
-336 -3575
472 -3392
320 -3008
2197 -3648
2435 -3920
2589 -3968
2336 -2112
2336 -2560
2336 -2752
2496 -2665
2944 -3669
3242 -3370
3353 -3601
3454 -3496
3512 -3574
3047 -3626
2752 -3296
3008 -2902
3215 -3404
2887 -3160
3345 -2939
3556 -3567
3680 -3546
3738 -3144
3672 -3032
3072 -3968
2944 -3968
2960 -2930
3104 -4544
2912 -4544
2856 -4544
3160 -4544
3072 -4600
2944 -4600
3024 -4544
2944 -4592
3104 -4840
2912 -4840
3024 -4864
2912 -4848
